   0.0000000e+00
   5.0000000e-04
   1.0000000e-03
   1.5000000e-03
   2.0000000e-03
   2.5000000e-03
   3.0000000e-03
   3.5000000e-03
   4.0000000e-03
   4.5000000e-03
   5.0000000e-03
   5.5000000e-03
   6.0000000e-03
   6.5000000e-03
   7.0000000e-03
   7.5000000e-03
   8.0000000e-03
   8.5000000e-03
   9.0000000e-03
   9.5000000e-03
   1.0000000e-02
   1.0500000e-02
   1.1000000e-02
   1.1500000e-02
   1.2000000e-02
   1.2500000e-02
   1.3000000e-02
   1.3500000e-02
   1.4000000e-02
   1.4500000e-02
   1.5000000e-02
   1.5500000e-02
   1.6000000e-02
   1.6500000e-02
   1.7000000e-02
   1.7500000e-02
   1.8000000e-02
   1.8500000e-02
   1.9000000e-02
   1.9500000e-02
   2.0000000e-02
   2.0500000e-02
   2.1000000e-02
   2.1500000e-02
   2.2000000e-02
   2.2500000e-02
   2.3000000e-02
   2.3500000e-02
   2.4000000e-02
   2.4500000e-02
   2.5000000e-02
   2.5500000e-02
   2.6000000e-02
   2.6500000e-02
   2.7000000e-02
   2.7500000e-02
   2.8000000e-02
   2.8500000e-02
   2.9000000e-02
   2.9500000e-02
   3.0000000e-02
   3.0500000e-02
   3.1000000e-02
   3.1500000e-02
   3.2000000e-02
   3.2500000e-02
   3.3000000e-02
   3.3500000e-02
   3.4000000e-02
   3.4500000e-02
   3.5000000e-02
   3.5500000e-02
   3.6000000e-02
   3.6500000e-02
   3.7000000e-02
   3.7500000e-02
   3.8000000e-02
   3.8500000e-02
   3.9000000e-02
   3.9500000e-02
   4.0000000e-02
   4.0500000e-02
   4.1000000e-02
   4.1500000e-02
   4.2000000e-02
   4.2500000e-02
   4.3000000e-02
   4.3500000e-02
   4.4000000e-02
   4.4500000e-02
   4.5000000e-02
   4.5500000e-02
   4.6000000e-02
   4.6500000e-02
   4.7000000e-02
   4.7500000e-02
   4.8000000e-02
   4.8500000e-02
   4.9000000e-02
   4.9500000e-02
   5.0000000e-02
   2.0000000e+02
   1.9992212e+02
   1.9984425e+02
   1.9976641e+02
   1.9968858e+02
   1.9961077e+02
   1.9953298e+02
   1.9945520e+02
   1.9937744e+02
   1.9929970e+02
   1.9922198e+02
   1.9914428e+02
   1.9906659e+02
   1.9898893e+02
   1.9891127e+02
   1.9883364e+02
   1.9875603e+02
   1.9867843e+02
   1.9860085e+02
   1.9852329e+02
   1.9844575e+02
   1.9836822e+02
   1.9829071e+02
   1.9821322e+02
   1.9813575e+02
   1.9805829e+02
   1.9798086e+02
   1.9790344e+02
   1.9782604e+02
   1.9774865e+02
   1.9767129e+02
   1.9759394e+02
   1.9751661e+02
   1.9743929e+02
   1.9736200e+02
   1.9728472e+02
   1.9720746e+02
   1.9713022e+02
   1.9705300e+02
   1.9697579e+02
   1.9689860e+02
   1.9682143e+02
   1.9674427e+02
   1.9666714e+02
   1.9659002e+02
   1.9651292e+02
   1.9643584e+02
   1.9635877e+02
   1.9628173e+02
   1.9620470e+02
   1.9612768e+02
   1.9605069e+02
   1.9597371e+02
   1.9589675e+02
   1.9581981e+02
   1.9574289e+02
   1.9566598e+02
   1.9558909e+02
   1.9551222e+02
   1.9543537e+02
   1.9535854e+02
   1.9528172e+02
   1.9520492e+02
   1.9512813e+02
   1.9505137e+02
   1.9497462e+02
   1.9489789e+02
   1.9482118e+02
   1.9474449e+02
   1.9466781e+02
   1.9459115e+02
   1.9451451e+02
   1.9443789e+02
   1.9436128e+02
   1.9428469e+02
   1.9420812e+02
   1.9413157e+02
   1.9405503e+02
   1.9397851e+02
   1.9390201e+02
   1.9382553e+02
   1.9374906e+02
   1.9367261e+02
   1.9359618e+02
   1.9351977e+02
   1.9344337e+02
   1.9336699e+02
   1.9329063e+02
   1.9321429e+02
   1.9313797e+02
   1.9306166e+02
   1.9298537e+02
   1.9290909e+02
   1.9283284e+02
   1.9275660e+02
   1.9268037e+02
   1.9260417e+02
   1.9252798e+02
   1.9245180e+02
   1.9237563e+02
   1.9229952e+02
   0.0000000e+00
   5.0000000e-04
   1.0000000e-03
   1.5000000e-03
   2.0000000e-03
   2.5000000e-03
   3.0000000e-03
   3.5000000e-03
   4.0000000e-03
   4.5000000e-03
   5.0000000e-03
   5.5000000e-03
   6.0000000e-03
   6.5000000e-03
   7.0000000e-03
   7.5000000e-03
   8.0000000e-03
   8.5000000e-03
   9.0000000e-03
   9.5000000e-03
   1.0000000e-02
   1.0500000e-02
   1.1000000e-02
   1.1500000e-02
   1.2000000e-02
   1.2500000e-02
   1.3000000e-02
   1.3500000e-02
   1.4000000e-02
   1.4500000e-02
   1.5000000e-02
   1.5500000e-02
   1.6000000e-02
   1.6500000e-02
   1.7000000e-02
   1.7500000e-02
   1.8000000e-02
   1.8500000e-02
   1.9000000e-02
   1.9500000e-02
   2.0000000e-02
   2.0500000e-02
   2.1000000e-02
   2.1500000e-02
   2.2000000e-02
   2.2500000e-02
   2.3000000e-02
   2.3500000e-02
   2.4000000e-02
   2.4500000e-02
   2.5000000e-02
   2.5500000e-02
   2.6000000e-02
   2.6500000e-02
   2.7000000e-02
   2.7500000e-02
   2.8000000e-02
   2.8500000e-02
   2.9000000e-02
   2.9500000e-02
   3.0000000e-02
   3.0500000e-02
   3.1000000e-02
   3.1500000e-02
   3.2000000e-02
   3.2500000e-02
   3.3000000e-02
   3.3500000e-02
   3.4000000e-02
   3.4500000e-02
   3.5000000e-02
   3.5500000e-02
   3.6000000e-02
   3.6500000e-02
   3.7000000e-02
   3.7500000e-02
   3.8000000e-02
   3.8500000e-02
   3.9000000e-02
   3.9500000e-02
   4.0000000e-02
   4.0500000e-02
   4.1000000e-02
   4.1500000e-02
   4.2000000e-02
   4.2500000e-02
   4.3000000e-02
   4.3500000e-02
   4.4000000e-02
   4.4500000e-02
   4.5000000e-02
   4.5500000e-02
   4.6000000e-02
   4.6500000e-02
   4.7000000e-02
   4.7500000e-02
   4.8000000e-02
   4.8500000e-02
   4.9000000e-02
   4.9500000e-02
   5.0000000e-02
   2.0000000e+02
   1.9996767e+02
   1.9993534e+02
   1.9990301e+02
   1.9987069e+02
   1.9983836e+02
   1.9980605e+02
   1.9977373e+02
   1.9974142e+02
   1.9970911e+02
   1.9967681e+02
   1.9964451e+02
   1.9961221e+02
   1.9957991e+02
   1.9954762e+02
   1.9951533e+02
   1.9948304e+02
   1.9945076e+02
   1.9941848e+02
   1.9938620e+02
   1.9935393e+02
   1.9932166e+02
   1.9928939e+02
   1.9925713e+02
   1.9922487e+02
   1.9919261e+02
   1.9916035e+02
   1.9912810e+02
   1.9909585e+02
   1.9906361e+02
   1.9903136e+02
   1.9899913e+02
   1.9896689e+02
   1.9893466e+02
   1.9890243e+02
   1.9887020e+02
   1.9883798e+02
   1.9880576e+02
   1.9877354e+02
   1.9874132e+02
   1.9870911e+02
   1.9867691e+02
   1.9864470e+02
   1.9861250e+02
   1.9858030e+02
   1.9854811e+02
   1.9851591e+02
   1.9848372e+02
   1.9845154e+02
   1.9841935e+02
   1.9838718e+02
   1.9835500e+02
   1.9832283e+02
   1.9829065e+02
   1.9825849e+02
   1.9822632e+02
   1.9819416e+02
   1.9816200e+02
   1.9812985e+02
   1.9809770e+02
   1.9806555e+02
   1.9803340e+02
   1.9800126e+02
   1.9796912e+02
   1.9793699e+02
   1.9790485e+02
   1.9787272e+02
   1.9784060e+02
   1.9780847e+02
   1.9777635e+02
   1.9774424e+02
   1.9771212e+02
   1.9768001e+02
   1.9764790e+02
   1.9761580e+02
   1.9758370e+02
   1.9755160e+02
   1.9751950e+02
   1.9748741e+02
   1.9745532e+02
   1.9742324e+02
   1.9739115e+02
   1.9735907e+02
   1.9732700e+02
   1.9729492e+02
   1.9726285e+02
   1.9723079e+02
   1.9719872e+02
   1.9716666e+02
   1.9713460e+02
   1.9710255e+02
   1.9707050e+02
   1.9703845e+02
   1.9700640e+02
   1.9697436e+02
   1.9694232e+02
   1.9691028e+02
   1.9687825e+02
   1.9684622e+02
   1.9681419e+02
   1.9678217e+02
   0.0000000e+00
   5.0000000e-04
   1.0000000e-03
   1.5000000e-03
   2.0000000e-03
   2.5000000e-03
   3.0000000e-03
   3.5000000e-03
   4.0000000e-03
   4.5000000e-03
   5.0000000e-03
   5.5000000e-03
   6.0000000e-03
   6.5000000e-03
   7.0000000e-03
   7.5000000e-03
   8.0000000e-03
   8.5000000e-03
   9.0000000e-03
   9.5000000e-03
   1.0000000e-02
   1.0500000e-02
   1.1000000e-02
   1.1500000e-02
   1.2000000e-02
   1.2500000e-02
   1.3000000e-02
   1.3500000e-02
   1.4000000e-02
   1.4500000e-02
   1.5000000e-02
   1.5500000e-02
   1.6000000e-02
   1.6500000e-02
   1.7000000e-02
   1.7500000e-02
   1.8000000e-02
   1.8500000e-02
   1.9000000e-02
   1.9500000e-02
   2.0000000e-02
   2.0500000e-02
   2.1000000e-02
   2.1500000e-02
   2.2000000e-02
   2.2500000e-02
   2.3000000e-02
   2.3500000e-02
   2.4000000e-02
   2.4500000e-02
   2.5000000e-02
   2.5500000e-02
   2.6000000e-02
   2.6500000e-02
   2.7000000e-02
   2.7500000e-02
   2.8000000e-02
   2.8500000e-02
   2.9000000e-02
   2.9500000e-02
   3.0000000e-02
   3.0500000e-02
   3.1000000e-02
   3.1500000e-02
   3.2000000e-02
   3.2500000e-02
   3.3000000e-02
   3.3500000e-02
   3.4000000e-02
   3.4500000e-02
   3.5000000e-02
   3.5500000e-02
   3.6000000e-02
   3.6500000e-02
   3.7000000e-02
   3.7500000e-02
   3.8000000e-02
   3.8500000e-02
   3.9000000e-02
   3.9500000e-02
   4.0000000e-02
   4.0500000e-02
   4.1000000e-02
   4.1500000e-02
   4.2000000e-02
   4.2500000e-02
   4.3000000e-02
   4.3500000e-02
   4.4000000e-02
   4.4500000e-02
   4.5000000e-02
   4.5500000e-02
   4.6000000e-02
   4.6500000e-02
   4.7000000e-02
   4.7500000e-02
   4.8000000e-02
   4.8500000e-02
   4.9000000e-02
   4.9500000e-02
   5.0000000e-02
   2.0000000e+02
   1.9977667e+02
   1.9955352e+02
   1.9933053e+02
   1.9910771e+02
   1.9888506e+02
   1.9866258e+02
   1.9844027e+02
   1.9821813e+02
   1.9799616e+02
   1.9777435e+02
   1.9755271e+02
   1.9733124e+02
   1.9710994e+02
   1.9688880e+02
   1.9666783e+02
   1.9644704e+02
   1.9622640e+02
   1.9600594e+02
   1.9578564e+02
   1.9556551e+02
   1.9534554e+02
   1.9512575e+02
   1.9490612e+02
   1.9468665e+02
   1.9446735e+02
   1.9424822e+02
   1.9402925e+02
   1.9381045e+02
   1.9359182e+02
   1.9337335e+02
   1.9315505e+02
   1.9293691e+02
   1.9271894e+02
   1.9250113e+02
   1.9228349e+02
   1.9206602e+02
   1.9184870e+02
   1.9163156e+02
   1.9141457e+02
   1.9119776e+02
   1.9098110e+02
   1.9076461e+02
   1.9054829e+02
   1.9033213e+02
   1.9011613e+02
   1.8990029e+02
   1.8968462e+02
   1.8946912e+02
   1.8925377e+02
   1.8903859e+02
   1.8882358e+02
   1.8860872e+02
   1.8839403e+02
   1.8817950e+02
   1.8796514e+02
   1.8775093e+02
   1.8753689e+02
   1.8732302e+02
   1.8710930e+02
   1.8689574e+02
   1.8668235e+02
   1.8646912e+02
   1.8625605e+02
   1.8604314e+02
   1.8583040e+02
   1.8561781e+02
   1.8540539e+02
   1.8519313e+02
   1.8498102e+02
   1.8476908e+02
   1.8455730e+02
   1.8434568e+02
   1.8413422e+02
   1.8392292e+02
   1.8371178e+02
   1.8350080e+02
   1.8328998e+02
   1.8307932e+02
   1.8286882e+02
   1.8265848e+02
   1.8244830e+02
   1.8223828e+02
   1.8202841e+02
   1.8181871e+02
   1.8160916e+02
   1.8139977e+02
   1.8119054e+02
   1.8098147e+02
   1.8077256e+02
   1.8056380e+02
   1.8035520e+02
   1.8014676e+02
   1.7993847e+02
   1.7973034e+02
   1.7952236e+02
   1.7931453e+02
   1.7910685e+02
   1.7889929e+02
   1.7869173e+02
   1.7848480e+02
